[ 1.73448589  0.78535239 -0.51834094 -1.45651476 -0.82172238 -0.37194178
  1.54852632  0.50127963 -1.53577274  0.07078575 -5.56087374 -0.06560208
 -6.54400013  2.27307268 -0.53472026  2.02221215  0.05166741  2.71893457
  3.09152747  2.1791339   0.17716086 -4.83251337  1.74750058 -1.25687994
  1.36469609  2.9550094   3.79138347 -4.03285988  3.57375516  0.54837788
  1.36795318  3.56032236  2.3026526  -1.15095177 -1.91871489 -2.18174918
  0.68382198 -0.97085985 -3.88745873  1.67529593 -2.91850533 -0.20077769
  1.08557137 -1.16118929 -3.54927783 -6.48781469 -1.5020938   2.09873598
 -1.17496283  2.33516732  0.25412144  1.75919336  0.4613645  -3.62739048
  2.88106798 -3.02714315  2.59164785  2.86351195  1.57518967 -2.95447887
  2.79702991 -0.35888572 -0.33615902 -2.36123917 -1.29849942 -2.34549534
  1.6382009   2.26905383 -6.01985889  1.9488998  -4.97414929  1.2743441
  0.7217328   0.81486281 -1.08485443 -1.55721911  1.82589909  0.50172115
  2.00696797  4.31767217 -2.00660449 -0.07698365 -3.49859471  1.35473987
 -2.96727705 -1.30088435  0.90865518 -4.31849635  1.13840536 -0.8628162
  1.26639773 -0.75170698  0.14181108  1.87670306  3.33794572  0.56911412
 -1.49543423 -0.9681449  -0.15364956  1.44756654 -0.65036409 -2.04941811
 -3.22407299 -1.40980675  3.17158449  0.30545951 -1.19785089  0.33979882
  0.28710789 -2.03603981 -3.96755585  4.07476934  2.5331589   3.27302229
  2.28793411 -1.46471627  2.69185688 -0.76294071 -1.54663614  2.92349926
  2.84456898 -2.4284666   5.01298042 -3.22096404  1.97334577  0.55638051
 -3.07729781  0.20365621  2.60545061 -0.2573569  -0.04059311 -1.47203162
 -2.03798257  0.68124443  3.34756831 -0.28482071  0.28836056  2.36927658
 -1.63464894 -2.88891427 -2.47181378  1.59603894  1.70208481  0.71982038
  1.66571455  0.33378994  4.5513556   1.04020734 -2.98125624 -3.27018098
  1.34885783 -0.0717183  -1.77547447  2.14780546  1.95041342  0.21215743
 -1.42435452  1.72859001 -1.85087115  1.76047637 -1.44186047 -2.2387283
 -1.33136394  0.65130736 -1.92630974 -1.83214933 -1.57194038 -3.07770102
 -1.66756723  1.13011224  1.27089284  0.56577417  2.11000154 -0.97305541
 -2.20357781  2.37673999  1.90983195 -0.66980797  3.43571929 -0.29065608
  0.91056942  1.71866543  1.40174045 -1.15754483 -1.69251928  2.81101639
 -0.71320222  0.83061995 -3.6314981  -0.92309667  2.14830299 -4.3228247
  0.46474118  0.05285712 -1.33913083 -2.32640291 -2.03755751 -1.71937298
  1.63357201  1.71984555]