[ 3.2602556   0.63918782 12.32232848  6.04193681  7.74121686  2.14388839
 11.54783423  2.93096599  2.91525523  3.77225291 10.99505394  1.40477733
  4.58913362  1.48231813  5.9554917   1.4966659   2.9671199   3.50592693
 13.59781774  4.37193616  0.18860699  1.5100541   4.16736907  1.55635808
  2.86138688  1.03025394  3.41587941  3.1938277   2.94756007 10.95142638
  4.63420128  1.01716898  7.80991579  3.21334807  8.89010447  1.26451291
  3.96863914  0.65073896  0.95650944 12.59761391  3.56720253  5.05953441
 14.92532093  0.14082164 10.46405714  4.77313885  2.06258696  2.48937122
  2.94100297  0.08243267  1.9906717   1.18932849  5.99890912  3.49331361
  0.22901086  2.58262808  0.66701679  3.44877602  3.00640511  1.77748264
  8.38668252  1.02317707  1.09023864  9.67171153  7.02112803  9.58784375
  1.95359029  2.78517119  4.53949948  0.86282353  0.87917711  0.92220984
  4.58066936  1.24916962  2.16206523  2.66057748  7.18127376  3.22752569
  1.97950895  0.68395744  1.0304871   8.20103085  6.13916651  4.48262222
  3.63046517  0.28130161  4.63826761  8.63396078  4.96568128  7.5146937
 17.3099976   3.10293115  1.91548121  7.31206702  3.79201148 22.14042376
  8.56862376  1.86745972  0.3332085   1.50313102  5.85765368  1.87651155
  0.47058307  4.730548   18.13704843 13.21750893  1.6271083   0.90596962
  0.09578797 19.39403189  0.71656979  1.03878468  6.75851155  1.94311999
  1.4174953   2.57933045  4.42388154  1.10231986 10.06948313 12.90421578
  0.87463215  8.86755731  6.74934916  0.76890519  0.97899975  1.25074973
  4.84644176  0.40640031  3.89599924  1.57818169  0.4783046   3.6731927
  9.21803956  6.77644044  0.19600206  6.66663125 12.03606943  9.83837119
  2.53926637  1.37105243  6.79981233  5.78227139  8.04609225  9.22155445
  0.29696298  0.43443779  3.61823483  2.09837308  4.20091099  4.99669374
  6.64099649  0.05143483  4.84439437  7.64190636  3.05097541  0.6004109
  9.21671263  7.41606261  1.10546286  3.34357873  6.84973703  2.89028447
 18.81726923  3.15688526  1.58096189  2.35223114  3.30547144  5.59317536
  7.3480472   9.12387906  2.77518381  1.74131234  9.68046287  7.14013123
 14.39591358  5.96574552  2.98597323 11.88457142  2.90829398 17.38729378
  5.45902534  1.99268412  2.02840955  6.61747414  1.42083098  0.63491018
  4.57484087  2.27265515 10.50810454  1.01360537  3.56585485  7.01025112
  0.41670736 10.70651717  7.15276465  0.73459795  3.82181923  0.3704519
  2.23316919  0.42696942]